0 0.158707 0.857694 0.0808136 0.0656372
0 0.514519 0.391259 0.125139 0.0937041
0 0.960424 0.682418 0.0784847 0.103214
0 0.0522816 0.928731 0.104563 0.0798441
0 0.501115 0.0436005 0.0721544 0.0725432
0 0.172438 0.610669 0.142844 0.0800164
0 0.471289 0.0978474 0.110372 0.077962
0 0.575147 0.905616 0.107996 0.117072
0 0.762281 0.909088 0.0969217 0.0886177
0 0.0536227 0.0356741 0.106697 0.0712194
0 0.95068 0.794397 0.0881628 0.0854397
0 0.488526 0.549426 0.0811913 0.132141
0 0.419962 0.817747 0.0733445 0.0867777
0 0.754857 0.192261 0.0840273 0.089589
0 0.920498 0.0920525 0.109542 0.0871752
0 0.0438241 0.771282 0.0876483 0.104841
0 0.160859 0.0680205 0.0995171 0.0736065
0 0.27161 0.0274404 0.0938687 0.0546397
0 0.816031 0.747326 0.0963978 0.0749216
0 0.922516 0.907178 0.0756677 0.0967735
0 0.48301 0.972354 0.113128 0.0552917
0 0.154738 0.0257397 0.121694 0.0512515
0 0.982503 0.611038 0.0349945 0.0816186
0 0.455459 0.503708 0.0675938 0.075452
0 0.267287 0.987736 0.0716803 0.0245274
0 0.187816 0.986855 0.0792911 0.0258732
0 0.0197806 0.297891 0.0394925 0.0751075
