0 0.785783 0.257008 0.137866 0.0853641
0 0.937527 0.593126 0.0866024 0.0918811
0 0.0584118 0.353951 0.116824 0.0939306
0 0.564078 0.0784435 0.0781995 0.0989
0 0.067919 0.502641 0.134104 0.0894293
0 0.806437 0.154888 0.126444 0.0868695
0 0.954665 0.807278 0.079945 0.0763208
0 0.480772 0.6772 0.0797142 0.0782012
0 0.190311 0.0792296 0.116509 0.0800922
0 0.876241 0.863609 0.0747027 0.0664001
0 0.315201 0.370266 0.0822567 0.0901543
0 0.150796 0.941421 0.0942006 0.0715892
0 0.6439 0.482978 0.121234 0.0979122
0 0.41074 0.249218 0.085822 0.0817184
0 0.0338347 0.956767 0.0676694 0.0863852
0 0.336759 0.209031 0.0891332 0.0999856
0 0.438097 0.536791 0.0839019 0.0881282
0 0.972831 0.695487 0.0543385 0.0804807
0 0.0831176 0.296729 0.0695081 0.0684401
0 0.141876 0.244758 0.0903654 0.0741359
0 0.553154 0.967254 0.134605 0.0654925
0 0.0376265 0.437268 0.0720542 0.0634271
0 0.70267 0.415606 0.108311 0.0725718
0 0.413431 0.89195 0.103307 0.111275
0 0.587356 0.773236 0.0872622 0.0859857
0 0.74356 0.502663 0.0595946 0.0698835
0 0.497243 0.568578 0.0789877 0.0832941
0 0.174872 0.617805 0.0648226 0.0591648
0 0.907697 0.98385 0.0675816 0.03221
0 0.539313 0.733856 0.108166 0.0688257
0 0.784916 0.981684 0.123433 0.0366314
0 0.46066 0.976697 0.0732659 0.0465508
0 0.0292815 0.539926 0.058194 0.075592
0 0.698889 0.0925228 0.103304 0.100532
0 0.683139 0.11552 0.0803291 0.0625559
0 0.0206989 0.260834 0.0411519 0.0765773
0 0.50183 0.862917 0.0699398 0.0692208
0 0.710806 0.0820595 0.0772834 0.0766939
0 0.689664 0.102855 0.101144 0.0911084
0 0.173935 0.619355 0.0777493 0.072966
