0 0.0492394 0.572189 0.0978804 0.292496
0 0.651799 0.0897637 0.23925 0.135576
0 0.636559 0.411001 0.315823 0.119376
0 0.492931 0.0808383 0.0892061 0.13953
0 0.041606 0.943015 0.0829199 0.112824
0 0.274162 0.703296 0.0968322 0.161899
0 0.508981 0.358973 0.14787 0.0988949
0 0.90943 0.502543 0.180747 0.150307
0 0.917035 0.220738 0.134287 0.0846343
0 0.184593 0.869518 0.148847 0.089645
0 0.367165 0.527722 0.0827907 0.148501
0 0.0520957 0.84556 0.0988198 0.0999709
0 0.924969 0.34689 0.150063 0.136438
0 0.40366 0.196143 0.100403 0.0963391
0 0.44629 0.952695 0.0988979 0.0946109
0 0.506033 0.605453 0.0820439 0.0797026
0 0.839681 0.658812 0.320639 0.126385
0 0.825782 0.857152 0.24581 0.118415
0 0.0509223 0.0841419 0.101244 0.168284
0 0.425352 0.453501 0.0970515 0.0738159
0 0.676544 0.794255 0.162014 0.0943074
0 0.535477 0.225083 0.0954365 0.0758385
0 0.879545 0.729877 0.0877327 0.0815622
0 0.0384665 0.367116 0.076933 0.159566
0 0.784321 0.66468 0.201904 0.118653
0 0.968935 0.742613 0.0621302 0.105963
