0 0.886277 0.357306 0.140465 0.190172
0 0.825271 0.910831 0.148243 0.0983505
0 0.591288 0.504228 0.200556 0.110461
0 0.242286 0.947343 0.105672 0.105314
0 0.666151 0.167681 0.153404 0.171111
0 0.390268 0.216736 0.116713 0.196227
0 0.840148 0.786884 0.109642 0.0919662
0 0.852394 0.125612 0.109797 0.0873738
0 0.674572 0.813482 0.0894449 0.0833653
0 0.284488 0.169329 0.0909978 0.1139
0 0.0695726 0.0344815 0.0931129 0.0685905
0 0.719208 0.939911 0.0914442 0.08779
0 0.338466 0.51843 0.132731 0.115451
0 0.0284602 0.421276 0.0567396 0.111669
0 0.927622 0.698452 0.123265 0.0955209
0 0.714693 0.62722 0.0775612 0.0727873
