0 0.954172 0.261011 0.0916554 0.128476
0 0.0860533 0.0839492 0.138529 0.101402
0 0.214361 0.360474 0.134874 0.102098
0 0.664732 0.168542 0.11807 0.136058
0 0.285402 0.862962 0.117707 0.0929302
0 0.951143 0.895048 0.0977134 0.198486
0 0.820462 0.668337 0.102528 0.101158
0 0.0814725 0.649418 0.11935 0.132429
0 0.437607 0.861318 0.10202 0.110416
0 0.187711 0.140809 0.0892822 0.0897158
0 0.427138 0.37443 0.152666 0.095182
0 0.191382 0.94792 0.103348 0.104159
0 0.92454 0.765736 0.0754286 0.0845616
0 0.642741 0.415323 0.10356 0.180869
0 0.376447 0.472129 0.184512 0.0845093
0 0.343664 0.123297 0.0867161 0.116292
0 0.527968 0.551183 0.141749 0.197201
0 0.0480955 0.445714 0.095721 0.115297
0 0.351198 0.640392 0.121812 0.0928015
0 0.601739 0.634907 0.0846506 0.128097
0 0.457242 0.306167 0.118662 0.0916475
0 0.492978 0.223575 0.120415 0.115602
0 0.648096 0.742712 0.100312 0.127773
0 0.252127 0.594836 0.108982 0.0863261
0 0.181802 0.665988 0.0899411 0.113427
0 0.550341 0.426662 0.0782014 0.0687884
0 0.0565619 0.771012 0.113124 0.0671641
0 0.77759 0.420922 0.14001 0.116519
0 0.230668 0.537644 0.0854852 0.0692369
