0 0.930089 0.366621 0.10587 0.0878539
0 0.74602 0.853081 0.109368 0.0997823
0 0.12064 0.143092 0.161681 0.120646
0 0.540913 0.816696 0.0919508 0.10545
0 0.419172 0.681795 0.0973057 0.119826
0 0.643766 0.0726957 0.0802945 0.0676939
0 0.0328315 0.478932 0.0655935 0.0769053
0 0.702995 0.745301 0.0685201 0.112761
0 0.511077 0.305472 0.10093 0.0966079
0 0.711058 0.630657 0.114963 0.147013
0 0.384022 0.0296862 0.087734 0.0588459
0 0.149187 0.8142 0.101734 0.0859335
0 0.958924 0.120628 0.0815026 0.110039
0 0.187227 0.574247 0.128906 0.0882882
0 0.332055 0.340975 0.0781221 0.116117
0 0.70885 0.503795 0.100657 0.121559
0 0.23806 0.509456 0.0928652 0.0907245
0 0.283609 0.40568 0.0936691 0.174747
0 0.835787 0.606899 0.169309 0.203356
0 0.275804 0.855502 0.114038 0.0729374
0 0.286682 0.0215531 0.100842 0.0428171
0 0.289815 0.438296 0.103832 0.241512
0 0.711087 0.0930271 0.105959 0.100318
0 0.705697 0.105259 0.0952712 0.0772291
0 0.197026 0.583625 0.155182 0.10591
0 0.0156608 0.782198 0.0313216 0.069796
0 0.474069 0.231479 0.0990284 0.0798621
