0 0.611457 0.161742 0.13625 0.175646
0 0.640112 0.944661 0.084637 0.110437
0 0.395919 0.552703 0.0927426 0.0801474
0 0.734304 0.462747 0.120943 0.168496
0 0.48619 0.878624 0.0800238 0.0934225
0 0.304258 0.152355 0.129773 0.138783
0 0.118935 0.0801657 0.102108 0.16012
0 0.853901 0.787607 0.109108 0.188225
0 0.759826 0.805047 0.0795943 0.110695
0 0.332979 0.0317662 0.0787616 0.0633599
0 0.0773989 0.51244 0.104131 0.150222
0 0.625911 0.811365 0.0894225 0.12109
0 0.148566 0.637863 0.127236 0.0757618
0 0.38086 0.720729 0.11104 0.150694
0 0.607678 0.608507 0.121308 0.18324
0 0.1214 0.86782 0.126321 0.0684467
0 0.289718 0.862178 0.123286 0.0813881
0 0.215896 0.616539 0.0832163 0.137744
0 0.506586 0.979871 0.0758435 0.0401791
0 0.341903 0.878059 0.0703524 0.0721829
0 0.229128 0.635437 0.106072 0.174313
0 0.0661374 0.504628 0.0740183 0.127565
