0 0.679749 0.696109 0.094844 0.0709071
0 0.62568 0.303755 0.0766424 0.12021
0 0.795397 0.521771 0.119457 0.0890087
0 0.612651 0.0746816 0.0770561 0.0795344
0 0.314403 0.79156 0.113578 0.0753477
0 0.487058 0.500992 0.107388 0.100734
0 0.776153 0.735683 0.0843741 0.0828554
0 0.357887 0.251822 0.103229 0.213428
0 0.206076 0.924462 0.0849638 0.0786125
0 0.111212 0.594903 0.17332 0.0981238
0 0.477528 0.152216 0.111451 0.0784208
0 0.0592579 0.914732 0.082433 0.142766
0 0.485246 0.832428 0.0751602 0.0766678
0 0.927007 0.231236 0.0960811 0.119011
0 0.558092 0.949983 0.175748 0.0967712
0 0.545509 0.32353 0.0857282 0.140126
0 0.85439 0.205551 0.0661419 0.131297
0 0.0205242 0.816955 0.0410365 0.0772398
0 0.813228 0.262575 0.0651745 0.0981312
0 0.711359 0.195846 0.0750013 0.174798
0 0.567343 0.537383 0.0969713 0.0581278
0 0.609139 0.851995 0.10824 0.0885002
0 0.779082 0.981649 0.0862793 0.0367027
