0 0.832148 0.886588 0.160826 0.156356
0 0.747308 0.502113 0.143963 0.0926865
0 0.13802 0.869562 0.136021 0.162152
0 0.526465 0.626409 0.0984075 0.130072
0 0.407995 0.0491227 0.083109 0.0980954
0 0.602945 0.349427 0.111948 0.107555
0 0.522676 0.463673 0.123166 0.143704
0 0.0762648 0.451527 0.144404 0.0991275
0 0.637934 0.46474 0.0882954 0.0960733
0 0.943412 0.16398 0.112549 0.0902715
0 0.138998 0.664416 0.0930149 0.145447
0 0.309928 0.707623 0.0985152 0.164376
0 0.816313 0.73918 0.0984839 0.101146
0 0.605963 0.895203 0.123949 0.17276
0 0.966825 0.0410603 0.0663496 0.0817159
0 0.75749 0.33765 0.120288 0.0966631
0 0.0675759 0.672741 0.0833381 0.0675152
0 0.343039 0.320998 0.0870051 0.0745208
0 0.0686376 0.369215 0.103633 0.0687444
0 0.442853 0.256807 0.0826365 0.0824876
0 0.0353648 0.507233 0.0660642 0.0777447
0 0.323266 0.860189 0.113209 0.0800667
0 0.800317 0.0670801 0.107429 0.133942
0 0.0216804 0.789849 0.0431614 0.0739046
0 0.0849011 0.367752 0.072083 0.0656109
0 0.805746 0.0852221 0.0952488 0.0934276
0 0.746897 0.759511 0.0802854 0.0727142
