0 0.573806 0.437122 0.0717068 0.0966131
0 0.962067 0.516026 0.0758658 0.175397
0 0.906604 0.696449 0.090387 0.143409
0 0.187033 0.281848 0.0770924 0.0884975
0 0.211927 0.792379 0.157008 0.114206
0 0.0326026 0.878494 0.0649561 0.106683
0 0.582524 0.320512 0.105486 0.105437
0 0.72985 0.243622 0.107858 0.0843342
0 0.638662 0.751958 0.0945461 0.0809931
0 0.27116 0.354454 0.126193 0.0962132
0 0.361357 0.497055 0.150154 0.0966015
0 0.298655 0.683551 0.0985175 0.0770127
0 0.532197 0.828796 0.119457 0.0839794
0 0.716082 0.614387 0.0761787 0.123285
0 0.430884 0.736562 0.0952538 0.136134
0 0.558822 0.0499653 0.0943246 0.0999307
0 0.435797 0.204537 0.0656086 0.0672111
0 0.692261 0.15188 0.0753981 0.0864598
0 0.134158 0.501848 0.138771 0.10863
0 0.841496 0.444912 0.0939951 0.0929686
0 0.0333275 0.0336505 0.0666551 0.0651367
0 0.487421 0.382215 0.100344 0.173466
0 0.264874 0.598902 0.0813663 0.0976572
0 0.783291 0.639644 0.0971187 0.135599
0 0.332468 0.594734 0.0747736 0.0741512
0 0.119247 0.831563 0.0605469 0.0568012
0 0.160351 0.639216 0.066485 0.0614624
0 0.481195 0.595823 0.0574777 0.0689465
0 0.493315 0.362705 0.0904735 0.137157
0 0.463511 0.810698 0.13657 0.067182
0 0.435241 0.715213 0.0831591 0.0934259
0 0.166438 0.565407 0.0839714 0.0646868
